 0 0 0 0 0 0 0 0 0 0 0 0 0 0 0 0 0 0 0 0 0 0 0 0 0 0 0 0 0 0 0 0
 0 0 0 0 0 0 0 0 0 0 0 0 0 0 0 0 0 0 0 0 0 0 0 0 0 0 0 0 0 0 0 0
 0 0 0 0 0 0 0 0 0 0 0 0 0 0 0 0 0 0 0 0 0 0 0 0 0 0 0 0 0 0 0 0
 0 0 0 0 0 0 0 0 0 0 0 0 0 0 0 0 0 0 0 0 0 0 0 0 0 0 0 0 0 0 0 0
 0 0 0 0 0 0 0 0 0 0 0 0 0 0 0 0 0 0 0 0 0 0 0 0 0 0 0 0 0 0 0 0
 0 0 51 0 0 0 0 0 18 34 34 34 34 34 34 34 34 34 34 34 34 34 34 34
 64 0 0 0 0 19 0 0 0 0 48 0 0 0 0 0 4 34 34 34 34 34 34 34 34 34
 34 34 34 34 34 42 0 0 0 0 0 131 0 0 0 0 48 0 0 1 17 0 0 162 34
 34 34 34 34 34 34 34 34 34 34 34 34 33 0 0 0 0 1 131 0 0 0 0 48
 0 0 251 187 193 0 18 34 34 34 34 34 34 34 34 34 34 34 34 34 72 1
 6 0 0 0 24 19 0 0 0 0 48 0 1 187 187 188 0 4 34 34 34 34 34 34 3
 4 34 34 34 34 34 42 24 129 0 0 0 129 19 0 0 0 0 48 0 12 187 187
 187 16 0 162 34 34 34 34 34 194 44 44 194 34 34 65 129 129 0 0 7
 24 19 0 0 0 0 48 0 12 187 187 187 16 0 24 34 204 204 204 204 20
 7 255 204 204 204 204 65 136 136 0 0 24 24 19 0 0 0 0 48 0 1 187
 187 188 0 0 15 204 207 255 24 136 0 0 0 0 1 255 0 136 24 16 1 1
 36 136 131 0 0 0 0 48 0 17 203 187 177 17 0 0 24 136 136 136 129
 0 0 0 0 0 17 0 8 129 16 0 24 136 131 0 0 0 0 48 27 187 203 187
 203 187 192 0 136 136 136 136 129 0 3 0 0 48 1 0 0 17 17 0 23 13
 6 131 0 0 0 0 48 187 187 187 187 187 187 191 0 136 136 136 136 1
 28 3 48 16 1 51 17 0 0 0 0 0 23 17 19 0 0 0 0 49 187 187 187 187
 187 187 188 0 136 136 136 136 128 48 0 0 3 0 49 0 0 0 0 0 24 12
 9 131 0 0 0 0 49 187 187 187 204 187 187 188 0 136 136 136 136 1
 6 0 1 16 1 52 17 0 0 0 0 0 24 17 131 0 0 0 0 48 203 187 191 193
 187 187 177 0 136 136 136 136 16 49 49 19 1 62 24 0 0 0 0 0 24 2
 4 131 0 0 0 0 48 15 187 240 193 28 188 16 0 24 136 136 136 16 0
 3 0 0 0 24 0 0 0 0 0 24 17 131 0 0 0 0 48 0 0 0 191 0 0 0 0 24 1
 36 136 136 16 0 0 0 3 0 24 0 0 0 0 0 24 17 131 0 0 0 0 48 0 0 15
 187 0 0 0 0 24 136 136 136 16 0 0 0 3 0 24 24 0 0 0 0 24 129 19
 0 0 0 0 49 0 0 12 204 16 0 0 8 17 24 136 136 16 0 0 0 0 0 24 13
 6 0 0 0 0 24 129 19 0 0 0 0 56 0 0 0 0 0 0 0 24 129 17 136 136 1
 6 0 0 51 3 0 17 17 0 0 0 0 24 129 131 0 0 0 0 56 112 0 0 0 0 0 0
 24 136 136 17 24 16 0 0 0 0 3 129 0 0 0 0 0 24 17 131 0 0 0 0 5
 6 113 0 0 0 0 0 0 1 24 136 129 17 128 0 0 0 0 1 129 0 0 0 0 0 24
 24 131 0 0 0 0 49 135 16 0 0 0 0 1 17 79 24 136 136 128 0 0 0 0
 1 129 17 0 0 0 0 24 17 131 0 0 0 0 56 24 113 0 0 0 17 238 1 162
 241 136 136 16 0 0 0 0 24 129 17 0 0 0 0 24 17 131 0 0 0 0 56 1
 29 129 0 0 17 48 227 49 162 188 241 135 19 0 0 0 0 24 136 24 0 0
 0 0 24 129 131 0 0 0 0 56 17 129 0 4 200 19 0 1 66 178 180 17 3
 48 0 0 1 17 136 17 0 0 0 0 49 17 19 0 0 0 0 56 17 129 0 162 200
 224 0 17 31 203 34 47 0 3 0 3 49 19 17 230 65 17 0 0 0 17 131 0
 0 0 0 56 24 129 10 34 200 65 16 225 255 28 34 187 193 0 0 0 1 1
 7 17 79 1 136 17 0 17 17 131 0 0 0 0 49 24 129 162 34 200 224 48
 17 252 193 18 178 178 240 0 1 136 17 20 79 170 136 17 0 24 17 1
 9 0 0 0 0 56 24 132 34 34 200 16 0 1 162 251 241 251 34 188 240
 251 40 17 16 79 24 136 136 0 24 17 19 0 0 0 0 56 17 129 34 34 20
 0 48 64 49 162 40 204 17 130 178 34 34 193 17 16 79 161 136 24 0
 24 17 19 0 0 0 0 56 129 129 130 34 200 19 228 1 162 34 44 207 6
 3 187 34 188 17 17 30 239 170 136 136 0 24 17 19 0 0 0 0 56 17 1
 29 138 34 193 52 30 1 162 178 44 22 193 28 34 241 255 17 16 70 1
 7 136 129 16 24 17 19 0 0 0 0 56 17 129 23 162 200 17 238 1 162
 178 44 129 252 193 17 28 207 17 0 28 161 23 129 74 24 17 19 0 0
 0 0 56 24 129 17 122 193 48 225 49 162 34 44 129 17 252 255 207
 42 17 17 31 170 24 130 34 168 17 131 0 0 0 0 49 136 129 51 24 24
 1 19 0 49 162 34 44 135 17 127 198 34 42 17 17 70 26 129 34 34 1
 68 24 131 0 0 0 0 56 24 129 3 17 17 17 17 17 162 34 44 31 255 25
 5 28 34 42 17 17 63 78 20 34 34 168 17 131 0 0 0 0 56 17 129 49
 49 113 17 23 136 136 34 44 135 17 120 140 43 184 129 48 14 108 1
 00 34 34 168 17 131 0 0 0 0 56 129 129 19 51 24 0 0 1 120 162 44
 129 17 24 140 34 40 129 17 30 206 100 34 34 248 129 131 0 0 0 0
 56 17 129 65 48 17 17 65 48 1 120 172 129 66 24 140 34 34 129 1
 7 30 110 110 34 34 168 129 19 0 0 0 0 56 17 129 16 1 17 129 16 1
 6 0 1 143 129 20 17 140 34 34 129 19 1 206 102 34 34 248 129 131
 0 0 0 0 56 24 129 0 17 17 23 64 16 17 16 24 24 17 24 140 34 34
 129 0 1 102 102 66 34 248 17 131 0 0 0 0 49 136 129 225 225 48 2
 4 16 65 20 52 1 120 136 136 140 34 34 161 17 20 102 230 66 34 24
 8 24 131 0 0 0 0 56 24 129 228 48 0 17 16 3 20 3 16 23 241 31 14
 0 43 178 161 17 17 236 236 236 187 248 17 131 0 0 0 0 56 17 129
 110 48 1 49 129 16 0 1 1 1 129 24 140 34 34 161 17 0 76 230 111
 34 248 17 131 0 0 0 0 56 129 129 108 224 17 49 17 135 16 4 4 16
 24 17 140 34 34 248 19 19 22 110 111 34 248 129 131 0 0 0 0 56 1
 7 129 102 97 17 0 24 225 113 0 65 17 1 129 140 34 251 184 17 20
 22 110 110 34 248 136 19 0 0 0 0 56 17 129 110 206 0 1 17 78 232
 112 4 16 16 120 28 44 188 17 17 19 14 206 102 66 248 129 131 0
 0 0 0 56 24 129 110 102 16 17 17 30 238 24 0 0 16 8 28 203 240 1
 7 17 0 4 206 236 226 248 17 131 0 0 0 0 49 136 129 110 236 228 1
 7 49 142 228 129 16 4 1 49 143 191 1 17 17 49 20 102 238 111 248
 17 131 0 0 0 0 56 24 129 110 230 97 48 49 20 24 24 135 1 49 16
 24 16 24 17 129 17 19 236 238 102 72 17 131 0 0 0 0 56 17 129 11
 0 230 193 0 17 17 136 136 23 16 65 20 1 113 136 136 17 17 0 28 1
 10 230 24 17 131 0 0 0 0 56 17 132 102 238 206 49 17 24 17 129 1
 129 1 19 16 120 129 129 65 19 3 30 110 230 24 129 131 0 0 0 0 5
 6 17 143 252 238 102 17 19 17 17 16 251 248 19 16 64 7 24 78 232
 19 17 30 206 230 24 136 19 0 0 0 0 56 17 143 46 110 236 64 0 17
 17 15 188 193 128 1 0 0 129 238 225 17 17 1 102 230 24 129 131
 0 0 0 0 56 24 143 36 102 236 224 49 17 17 203 194 193 135 1 1 16
 7 142 225 17 16 0 236 230 24 17 131 0 0 0 0 0 0 0 0 0 0 0 0 0 0
 0 0 0 0 0 0 0 0 0 0 0 0 0 0 0 0 0 0 0 0 0 0 0 0 0 0 0 0 0 0 0 0
 0 0 0 0 0 0 0 0 0 0 0 0 0 0 0 0 0 0 0 0 0 0 0 0 0 0 0 0 0 0 0 0
 0 0 0 0 0 0 0 0 0 0 0 0 0 0 0 0 0 0 0 0 0 0 0 0 0 0 0 0 0 0 0 0
 0 0 0 0 0 0 0 0 0 0 0 0 0 0 0 0 0 0 0 0
